
# =====================================
# FECHA: 27/05/2026 13:49 PM
# =====================================
24.6 48.4 776.5 1.0 1216.0
24.7 48.4 776.47 1.0 1219.0
24.7 48.5 776.48 1.0 680.0
24.7 48.6 776.45 1.0 597.0
24.7 48.7 776.47 1.0 671.0
24.7 48.7 776.49 1.0 701.0
24.7 48.8 776.51 1.0 734.0
24.7 48.8 776.5 1.0 784.0
24.7 48.6 776.46 1.0 839.0
24.7 48.7 776.51 1.0 914.0
24.7 48.7 776.51 1.0 1013.0
24.7 48.7 776.48 1.0 1085.0
24.7 48.7 776.49 1.0 1095.0
24.7 48.4 776.52 1.0 1145.0
24.7 48.4 776.44 1.0 1216.0
24.7 48.0 776.48 1.0 1270.0
24.7 48.1 776.49 1.0 1312.0
24.7 48.1 776.45 1.0 1305.0
24.7 48.1 776.49 1.0 1349.0
24.7 48.3 776.52 1.0 1337.0
24.7 48.3 776.5 1.0 1350.0
24.7 48.3 776.52 1.0 1349.0
24.7 48.4 776.53 1.0 1362.0
24.7 48.5 776.53 1.0 1360.0
24.7 48.7 776.51 1.0 1366.0
24.6 48.6 776.52 1.0 1351.0
24.6 48.3 776.5 1.0 1354.0
24.7 48.5 776.52 1.0 1424.0
24.7 48.8 776.5 1.0 1361.0
24.7 49.1 776.5 1.0 1361.0
24.6 49.2 776.52 1.0 1350.0
24.7 49.0 776.47 1.0 1351.0
24.7 49.1 776.49 1.0 1361.0
24.7 49.0 776.47 1.0 1356.0
24.7 48.7 776.5 1.0 1354.0
24.7 48.9 776.48 1.0 1343.0
24.7 48.9 776.5 1.0 1351.0
24.7 48.6 776.46 1.0 1350.0
24.7 48.7 776.48 1.0 1333.0
24.7 48.6 776.49 1.0 1339.0
24.7 48.6 776.47 1.0 1325.0
24.7 48.4 776.53 1.0 1323.0
24.7 48.4 776.52 1.0 1314.0
24.7 48.5 776.46 1.0 1342.0
24.8 48.5 776.46 1.0 1321.0
24.8 48.5 776.48 1.0 1334.0
24.8 48.6 776.45 1.0 1327.0
24.8 48.6 776.45 1.0 1315.0
24.8 48.6 776.43 1.0 1315.0
24.8 48.7 776.49 1.0 1330.0
24.8 48.8 776.49 1.0 1326.0
24.8 48.7 776.49 1.0 1331.0
24.8 48.7 776.48 1.0 1328.0
24.8 48.7 776.47 1.0 1337.0
24.8 48.7 776.51 1.0 1331.0
24.8 48.8 776.46 1.0 1330.0
24.8 48.5 776.49 1.0 1337.0
24.9 48.5 776.51 1.0 1331.0
24.9 48.5 776.48 1.0 1335.0
24.9 48.5 776.51 1.0 1340.0

# =====================================
# FECHA: 27/05/2026 13:55 PM
# =====================================
24.8 48.4 776.48 1.0 1330.0
24.9 48.5 776.48 1.0 1340.0
24.9 48.4 776.47 1.0 1337.0
24.8 48.4 776.47 1.0 1325.0
24.9 48.3 776.5 1.0 1338.0
24.9 48.4 776.48 1.0 1334.0
24.9 48.4 776.51 1.0 1328.0
24.9 48.2 776.51 1.0 1337.0
24.9 47.7 776.49 1.0 1338.0
24.9 47.3 776.53 1.0 1332.0
24.9 47.0 776.46 1.0 1339.0
24.9 47.0 776.52 1.0 1343.0
24.9 47.1 776.49 1.0 1333.0
24.9 47.1 776.49 1.0 1343.0
24.9 47.1 776.5 1.0 1328.0
24.9 47.4 776.49 1.0 1328.0
24.9 47.7 776.45 1.0 1332.0
24.9 47.5 776.51 1.0 1335.0
24.9 47.1 776.47 1.0 1332.0
24.9 46.6 776.46 1.0 1331.0
24.8 46.6 776.45 1.0 1335.0
24.8 46.7 776.47 1.0 1337.0
24.8 46.7 776.48 1.0 1342.0
24.8 46.7 776.45 1.0 1333.0
24.8 46.6 776.48 1.0 1344.0
24.8 46.6 776.54 1.0 1334.0
24.8 46.7 776.49 1.0 1328.0
24.8 46.7 776.51 1.0 1334.0
24.8 46.7 776.52 1.0 1324.0
24.8 46.9 776.48 1.0 1335.0
24.8 47.0 776.49 1.0 1335.0
24.8 47.0 776.46 1.0 1329.0
24.8 47.0 776.51 1.0 1343.0
24.8 46.9 776.48 1.0 1345.0
24.8 46.8 776.44 1.0 1329.0
24.8 46.9 776.48 1.0 1333.0
24.8 46.8 776.45 1.0 1337.0
24.8 46.9 776.45 1.0 1342.0
24.8 46.9 776.48 1.0 1356.0
24.8 46.9 776.44 1.0 1335.0
24.8 46.9 776.45 1.0 1337.0
24.8 47.0 776.48 1.0 1340.0
24.8 47.2 776.45 1.0 1360.0
24.8 47.4 776.46 1.0 1329.0
24.8 47.4 776.48 1.0 1335.0
24.8 47.3 776.52 1.0 1327.0
24.8 47.3 776.48 1.0 1340.0
24.8 47.4 776.51 1.0 1347.0
24.8 47.4 776.45 1.0 1346.0
24.8 47.4 776.44 1.0 1341.0
24.7 47.4 776.46 1.0 1338.0
24.8 47.5 776.47 1.0 1357.0
24.8 47.5 776.43 1.0 1349.0
24.8 47.5 776.46 1.0 1342.0
24.8 47.6 776.47 1.0 1353.0
24.7 47.5 776.5 1.0 1369.0
24.7 47.5 776.47 1.0 1350.0
24.7 47.5 776.47 1.0 1345.0
24.8 47.6 776.46 1.0 1341.0
24.7 47.5 776.5 1.0 1363.0

# =====================================
# FECHA: 27/05/2026 14:00 PM
# =====================================
24.7 47.6 776.55 1.0 1330.0
24.7 47.6 776.54 1.0 1223.0
24.7 47.6 776.54 1.0 1350.0
24.8 47.5 776.49 1.0 1341.0
24.8 47.6 776.44 1.0 1343.0
24.7 47.7 776.53 1.0 1353.0
24.7 47.8 776.52 1.0 1336.0
24.7 47.6 776.5 1.0 1342.0
24.8 47.6 776.5 1.0 1344.0
24.7 47.6 776.48 1.0 1346.0
24.7 47.6 776.47 1.0 1351.0
24.7 47.7 776.46 1.0 1344.0
24.7 47.8 776.52 1.0 1335.0
24.7 47.8 776.47 1.0 1325.0
24.7 47.8 776.51 1.0 1337.0
24.7 47.8 776.5 1.0 1354.0
24.7 48.0 776.45 1.0 1334.0
24.7 48.0 776.48 1.0 1344.0
24.6 48.1 776.55 1.0 1346.0
24.7 48.2 776.52 1.0 1331.0
24.7 48.1 776.45 1.0 1341.0
24.7 48.2 776.52 1.0 1342.0
24.6 48.2 776.53 1.0 1348.0
24.6 48.2 776.53 1.0 1329.0
24.6 48.3 776.5 1.0 1353.0
24.6 48.2 776.51 1.0 1331.0
24.6 48.3 776.51 1.0 1342.0
24.6 48.4 776.53 1.0 1335.0
24.6 48.3 776.51 1.0 1353.0
24.7 48.4 776.5 1.0 1335.0
24.6 48.3 776.54 1.0 1342.0
24.6 48.3 776.53 1.0 1333.0
24.6 48.3 776.55 1.0 1344.0
24.6 48.3 776.52 1.0 1344.0
24.6 48.2 776.51 1.0 1334.0
24.6 48.2 776.51 1.0 1342.0
24.6 48.1 776.5 1.0 1342.0
24.6 48.1 776.54 1.0 1343.0
24.6 48.1 776.54 1.0 1357.0
24.6 48.1 776.53 1.0 1333.0
24.6 48.2 776.51 1.0 1331.0
24.6 48.1 776.57 1.0 1342.0
24.6 48.2 776.55 1.0 1328.0
24.6 48.4 776.54 1.0 1360.0
24.6 48.4 776.55 1.0 1360.0
24.6 48.2 776.56 1.0 1349.0
24.6 48.1 776.53 1.0 1342.0
24.6 48.2 776.56 1.0 1343.0
24.6 48.1 776.55 1.0 1356.0
24.6 48.2 776.52 1.0 1335.0
24.6 48.3 776.55 1.0 1335.0
24.6 48.2 776.54 1.0 1339.0
24.6 48.1 776.54 1.0 1350.0
24.5 47.7 776.57 1.0 1349.0
24.6 48.1 776.57 1.0 1337.0
24.6 48.1 776.57 1.0 1338.0
24.6 48.1 776.55 1.0 1345.0
24.6 48.2 776.52 1.0 1343.0
24.6 47.8 776.56 1.0 1346.0
24.6 47.8 776.56 1.0 1344.0

# =====================================
# FECHA: 27/05/2026 14:05 PM
# =====================================
24.6 47.8 776.52 1.0 1333.0
24.6 48.2 776.55 1.0 1338.0
24.6 48.2 776.52 1.0 1335.0
24.6 48.2 776.51 1.0 1344.0
24.6 48.2 776.54 1.0 1342.0
24.6 48.2 776.55 1.0 1345.0
24.6 48.3 776.54 1.0 1345.0
24.6 48.3 776.54 1.0 1331.0
24.6 48.4 776.53 1.0 1349.0
24.6 48.3 776.5 1.0 1346.0
24.6 48.3 776.54 1.0 1351.0
24.6 47.8 776.53 1.0 1342.0
24.6 48.2 776.5 1.0 1344.0
24.6 48.2 776.52 1.0 1349.0
24.6 48.1 776.54 1.0 1344.0
24.6 48.1 776.51 1.0 1339.0
24.6 49.0 776.55 1.0 1347.0
24.6 48.5 776.56 1.0 1330.0
24.6 48.8 776.55 1.0 1337.0
24.6 48.8 776.54 1.0 1344.0
24.6 48.7 776.53 1.0 1344.0
24.6 48.5 776.51 1.0 1343.0
24.6 49.0 776.52 1.0 1328.0
24.6 48.8 776.54 1.0 1348.0
24.5 48.5 776.54 1.0 1344.0
24.6 49.0 776.52 1.0 1345.0
24.6 49.0 776.52 1.0 1341.0
24.6 48.9 776.51 1.0 1343.0
24.6 48.7 776.5 1.0 1343.0
24.6 48.7 776.49 1.0 1348.0
24.5 48.2 776.49 1.0 1344.0
24.6 48.5 776.5 1.0 1354.0
24.5 48.0 776.51 1.0 1353.0
24.6 48.5 776.5 1.0 1337.0
24.5 48.1 776.47 1.0 1337.0
24.5 48.0 776.48 1.0 1343.0
24.6 48.3 776.47 1.0 1350.0
24.5 48.0 776.48 1.0 1346.0
24.6 48.4 776.43 1.0 1343.0
24.5 47.9 776.46 1.0 1344.0
24.5 47.9 776.48 1.0 1354.0
24.5 48.0 776.47 1.0 1344.0
24.5 48.1 776.45 1.0 1350.0
24.5 48.2 776.49 1.0 1335.0
24.5 48.2 776.46 1.0 1349.0
24.5 48.1 776.45 1.0 1341.0
24.5 48.2 776.45 1.0 1349.0
24.5 48.2 776.45 1.0 1363.0
24.5 48.3 776.44 1.0 1353.0
24.5 48.6 776.44 1.0 1330.0
24.5 48.7 776.43 1.0 1366.0
24.5 48.8 776.41 1.0 1354.0
24.5 48.8 776.42 1.0 1349.0
24.5 48.6 776.45 1.0 1350.0
24.5 48.7 776.42 1.0 1350.0
24.5 48.7 776.43 1.0 1349.0
24.5 48.5 776.38 1.0 1344.0
24.5 48.5 776.41 1.0 1344.0
24.5 48.4 776.39 1.0 1351.0
24.5 48.3 776.41 1.0 1346.0

# =====================================
# FECHA: 27/05/2026 14:11 PM
# =====================================
24.5 48.3 776.36 1.0 1344.0
24.5 48.4 776.34 1.0 1334.0
24.5 48.4 776.34 1.0 1341.0
24.5 48.5 776.36 1.0 1342.0
24.5 48.6 776.36 1.0 1330.0
24.5 48.5 776.34 1.0 1338.0
24.5 48.6 776.33 1.0 1341.0
24.5 48.7 776.37 1.0 1331.0
24.5 48.8 776.37 1.0 1351.0
24.5 48.8 776.36 1.0 1329.0
24.5 48.9 776.34 1.0 1346.0
24.5 48.9 776.33 1.0 1351.0
24.5 48.9 776.36 1.0 1344.0
24.5 49.0 776.3 1.0 1332.0
24.5 48.9 776.27 1.0 1342.0
24.5 48.7 776.31 1.0 1342.0
24.5 48.7 776.28 1.0 1337.0
24.5 48.8 776.31 1.0 1344.0
24.5 48.7 776.28 1.0 1343.0
24.5 48.6 776.29 1.0 1341.0
24.5 48.7 776.28 1.0 1335.0
24.5 48.6 776.26 1.0 1327.0
24.5 48.8 776.24 1.0 1329.0
24.5 48.6 776.22 1.0 1341.0
24.5 48.5 776.26 1.0 1340.0
24.5 48.3 776.25 1.0 1351.0
24.5 48.4 776.28 1.0 1347.0
24.5 48.6 776.25 1.0 1329.0
24.5 48.7 776.2 1.0 1335.0
24.5 48.7 776.24 1.0 1347.0
24.5 48.7 776.24 1.0 1354.0
24.5 48.7 776.26 1.0 1353.0
24.5 48.8 776.25 1.0 1343.0
24.5 49.1 776.24 1.0 1337.0
24.5 49.1 776.24 1.0 1329.0
24.5 49.0 776.24 1.0 1337.0
24.5 48.8 776.2 1.0 1340.0
24.5 48.5 776.21 1.0 1335.0
24.5 48.4 776.19 1.0 1360.0
24.5 48.3 776.22 1.0 1332.0
24.5 48.5 776.21 1.0 1341.0
24.5 48.5 776.23 0.0 957.0
24.5 48.8 776.22 0.0 1039.0
24.5 48.8 776.25 0.0 1133.0
24.5 48.7 776.21 0.0 1225.0
24.5 48.7 776.24 0.0 1250.0
24.5 48.8 776.24 0.0 1284.0
24.5 48.8 776.2 0.0 1310.0
24.5 48.8 776.2 0.0 1311.0
24.5 48.8 776.25 0.0 1322.0
24.5 49.0 776.23 0.0 1326.0
24.5 49.1 776.21 0.0 1326.0
24.5 49.0 776.23 0.0 1320.0
24.5 49.0 776.24 0.0 1332.0
24.5 49.0 776.18 0.0 1327.0
24.5 48.9 776.24 0.0 1328.0
24.5 48.7 776.18 0.0 1328.0
24.5 48.7 776.21 0.0 1326.0
24.5 48.7 776.21 0.0 1277.0
24.5 48.9 776.2 0.0 1337.0

# =====================================
# FECHA: 27/05/2026 14:16 PM
# =====================================
24.5 48.9 776.18 0.0 1319.0
24.5 48.9 776.2 0.0 1335.0
24.5 49.1 776.22 0.0 1353.0
24.5 48.8 776.21 0.0 1341.0
24.5 48.6 776.24 0.0 1325.0
24.5 48.6 776.24 0.0 1314.0
24.5 48.5 776.22 0.0 1331.0
24.5 48.8 776.25 0.0 1331.0
24.5 49.0 776.21 0.0 1342.0
24.5 49.3 776.29 0.0 1337.0
24.5 49.5 776.26 0.0 1317.0
24.5 49.5 776.26 0.0 1327.0
24.5 49.5 776.26 0.0 1322.0
24.5 49.7 776.27 0.0 1335.0
24.5 49.8 776.28 0.0 1322.0
24.5 49.7 776.25 0.0 1328.0
24.5 49.7 776.27 0.0 1321.0
24.5 49.3 776.3 0.0 1326.0
24.5 49.2 776.29 0.0 1313.0
24.5 49.0 776.29 0.0 1327.0
24.5 48.9 776.31 0.0 1322.0
24.5 48.8 776.3 0.0 1328.0
24.5 48.8 776.32 0.0 1323.0
24.5 48.9 776.26 0.0 1315.0
24.5 48.9 776.3 0.0 1298.0
24.5 48.9 776.34 0.0 1328.0
24.5 49.0 776.33 0.0 1323.0
24.5 49.1 776.32 0.0 1336.0
24.5 49.0 776.32 0.0 1339.0
24.5 49.1 776.33 0.0 1334.0
24.5 49.2 776.35 0.0 1341.0
24.5 49.4 776.34 0.0 1231.0
24.5 49.4 776.32 0.0 1334.0
24.5 49.3 776.34 0.0 1328.0
24.5 49.3 776.3 0.0 1339.0
24.5 49.2 776.29 0.0 1340.0
24.5 49.1 776.31 0.0 1312.0
24.5 48.8 776.32 0.0 1328.0
24.5 48.7 776.31 0.0 1341.0
24.5 48.7 776.3 0.0 1335.0
24.5 48.7 776.33 0.0 1330.0
24.5 49.0 776.33 0.0 1333.0
24.5 49.0 776.31 0.0 1331.0
24.4 49.0 776.34 0.0 1333.0
24.5 49.1 776.31 0.0 1330.0
24.5 49.3 776.36 0.0 1339.0
24.4 49.4 776.33 0.0 1334.0
24.4 49.5 776.3 0.0 1321.0
24.4 49.7 776.34 0.0 1322.0
24.4 49.7 776.35 0.0 1326.0
24.4 49.8 776.33 0.0 1342.0
24.4 49.7 776.34 0.0 1330.0
24.4 49.5 776.34 0.0 1331.0
24.4 49.1 776.34 0.0 1328.0
24.4 49.0 776.33 0.0 1339.0
24.4 49.0 776.35 0.0 1330.0
24.4 49.4 776.32 0.0 1327.0
24.4 49.5 776.32 0.0 1327.0
24.4 49.8 776.33 0.0 1326.0
24.4 49.9 776.32 0.0 1328.0

# =====================================
# FECHA: 27/05/2026 14:21 PM
# =====================================
24.4 50.1 776.28 0.0 1327.0
24.4 50.4 776.35 0.0 1309.0
24.4 50.2 776.31 0.0 1327.0
24.4 50.1 776.31 0.0 1327.0
24.4 50.2 776.32 0.0 1319.0
24.4 50.1 776.3 0.0 1330.0
24.4 50.0 776.32 0.0 1322.0
24.4 50.0 776.33 0.0 1305.0
24.4 49.9 776.31 0.0 1310.0
24.4 49.9 776.3 0.0 1318.0
24.4 50.0 776.31 0.0 1328.0
24.4 49.9 776.29 0.0 1314.0
24.4 50.0 776.34 0.0 1312.0
24.5 50.1 776.3 0.0 1316.0
24.4 50.0 776.29 0.0 1312.0
24.4 50.1 776.3 0.0 1317.0
24.4 50.1 776.26 0.0 1303.0
24.4 50.1 776.27 0.0 1314.0
24.4 50.1 776.29 0.0 1321.0
24.4 50.2 776.29 0.0 1311.0
24.4 50.2 776.28 0.0 1306.0
24.4 50.2 776.27 0.0 1305.0
24.4 50.2 776.25 0.0 1307.0
24.4 50.1 776.23 0.0 1307.0
24.5 50.2 776.23 0.0 1309.0
24.5 49.9 776.26 0.0 1297.0
24.5 49.8 776.23 0.0 1300.0
24.5 49.8 776.22 0.0 1315.0
24.5 49.8 776.26 0.0 1305.0
24.5 49.9 776.24 0.0 1319.0
24.5 49.8 776.28 0.0 1298.0
24.5 49.8 776.27 0.0 1305.0
24.5 49.7 776.22 0.0 1311.0
24.5 49.6 776.25 0.0 1306.0
24.5 49.8 776.24 0.0 1303.0
24.5 49.7 776.25 0.0 1308.0
24.4 49.7 776.25 0.0 1298.0
24.5 49.7 776.22 0.0 1305.0
24.5 49.6 776.24 0.0 1306.0
24.5 49.5 776.22 0.0 1296.0
24.5 49.5 776.23 0.0 1312.0
24.5 49.5 776.22 0.0 1295.0
24.5 49.5 776.27 0.0 1303.0
24.5 49.6 776.23 0.0 1306.0
24.5 49.7 776.2 0.0 1302.0
24.5 49.6 776.23 0.0 1314.0
24.5 49.7 776.21 0.0 1314.0
24.5 49.6 776.21 0.0 1335.0
24.5 49.7 776.2 0.0 1303.0
24.5 49.6 776.21 0.0 1315.0
24.5 49.7 776.23 0.0 1307.0
24.5 49.7 776.23 0.0 1313.0
24.5 49.6 776.23 0.0 1309.0
24.5 49.7 776.21 0.0 1317.0
24.5 49.6 776.24 0.0 1328.0
24.5 49.6 776.21 0.0 1327.0
24.5 49.2 776.22 0.0 1364.0
24.4 48.9 776.23 0.0 1322.0
24.4 48.9 776.19 0.0 1323.0
24.5 48.9 776.2 0.0 1319.0

# =====================================
# FECHA: 27/05/2026 14:26 PM
# =====================================
24.5 49.0 776.21 0.0 1328.0
24.5 49.1 776.21 0.0 1323.0
24.5 49.2 776.21 0.0 1326.0
24.5 49.2 776.2 0.0 1322.0
24.5 49.1 776.21 0.0 1328.0
24.5 49.0 776.19 0.0 1337.0
24.5 49.2 776.22 0.0 1321.0
24.5 49.3 776.23 0.0 1330.0
24.5 49.2 776.23 0.0 1328.0
24.5 49.2 776.19 0.0 1317.0
24.5 49.2 776.21 0.0 1327.0
24.5 49.2 776.2 0.0 1328.0
24.5 49.1 776.19 0.0 1328.0
24.5 49.1 776.16 0.0 1324.0
24.5 49.1 776.2 0.0 1328.0
24.5 49.1 776.18 0.0 1330.0
24.4 49.2 776.21 0.0 1342.0
24.5 49.2 776.16 0.0 1339.0
24.5 49.1 776.18 0.0 1343.0
24.5 49.2 776.19 0.0 1344.0
24.5 49.3 776.17 0.0 1334.0
24.5 49.4 776.16 0.0 1342.0
24.5 49.6 776.19 0.0 1380.0
24.5 49.5 776.15 0.0 1346.0
24.5 49.6 776.17 0.0 1339.0
24.5 49.6 776.15 0.0 1329.0
24.4 49.8 776.16 0.0 1235.0
24.5 49.7 776.13 0.0 1335.0
24.5 49.6 776.19 0.0 1322.0
24.5 49.6 776.21 0.0 1328.0
24.5 49.7 776.18 0.0 1330.0
24.5 49.7 776.2 0.0 1333.0
24.5 49.7 776.18 0.0 1322.0
24.5 49.8 776.2 0.0 1324.0
24.5 49.7 776.22 0.0 1323.0
24.5 49.7 776.21 0.0 1311.0
24.5 49.6 776.16 0.0 1318.0
24.5 49.8 776.16 0.0 1328.0
24.5 49.8 776.13 0.0 1316.0
24.5 49.8 776.11 0.0 1330.0
24.5 49.8 776.15 0.0 1315.0
24.5 49.7 776.16 0.0 1328.0
24.5 49.7 776.16 0.0 1316.0
24.5 49.7 776.19 0.0 1323.0
24.5 49.7 776.18 0.0 1322.0
24.5 49.8 776.12 0.0 1323.0
24.5 49.7 776.16 0.0 1315.0
24.5 49.8 776.17 0.0 1328.0
24.5 49.8 776.15 0.0 1314.0
24.5 49.8 776.14 0.0 1315.0
24.5 49.6 776.15 0.0 1323.0
24.5 49.5 776.15 0.0 1328.0
24.5 49.4 776.15 0.0 1328.0
24.5 49.4 776.13 0.0 1328.0
24.5 49.5 776.15 0.0 1315.0
24.5 49.5 776.13 0.0 1324.0
24.5 49.6 776.11 0.0 1316.0
24.5 49.7 776.13 0.0 1312.0
24.5 49.6 776.09 0.0 1315.0
24.5 49.4 776.12 0.0 1328.0

# =====================================
# FECHA: 27/05/2026 14:31 PM
# =====================================
24.5 49.4 776.11 0.0 1313.0
24.5 49.5 776.11 0.0 1322.0
24.5 49.5 776.13 0.0 1311.0
24.5 49.5 776.13 0.0 1318.0
24.5 49.6 776.13 0.0 1314.0
24.5 49.7 776.12 0.0 1322.0
24.5 49.9 776.1 0.0 1315.0
24.5 49.9 776.11 0.0 1311.0
24.5 49.9 776.1 0.0 1323.0
24.5 49.9 776.15 0.0 1321.0
24.5 49.4 776.14 0.0 1319.0
24.5 49.2 776.09 0.0 1314.0
24.5 49.2 776.1 0.0 1325.0
24.5 49.3 776.14 0.0 1315.0
24.5 49.4 776.1 0.0 1322.0
24.5 49.4 776.12 0.0 1313.0
24.5 49.3 776.13 0.0 1319.0
24.5 49.3 776.09 0.0 1319.0
24.5 49.3 776.17 0.0 1319.0
24.5 49.3 776.13 0.0 1328.0
24.5 49.3 776.12 0.0 1313.0
24.5 49.3 776.09 0.0 1312.0
24.5 49.3 776.12 0.0 1322.0
24.5 49.4 776.14 0.0 1339.0
24.5 49.6 776.1 0.0 1317.0
24.5 49.5 776.11 0.0 1328.0
24.4 49.5 776.11 0.0 1328.0
24.5 49.4 776.12 0.0 1328.0
24.5 49.3 776.19 0.0 1341.0
24.5 49.3 776.13 0.0 1328.0
24.4 49.4 776.15 0.0 1343.0
24.5 49.4 776.19 0.0 1345.0
24.5 49.4 776.16 0.0 1349.0
24.5 49.4 776.14 0.0 1337.0
24.5 49.5 776.21 0.0 1323.0
24.5 49.4 776.15 0.0 1328.0
24.5 49.6 776.17 0.0 1331.0
24.5 49.5 776.18 0.0 1347.0
24.4 49.6 776.14 0.0 1349.0
24.5 49.6 776.15 0.0 1344.0
24.5 49.5 776.18 0.0 1329.0
24.4 49.6 776.16 0.0 1348.0
24.4 49.6 776.19 0.0 1328.0
24.5 49.6 776.17 0.0 1342.0
24.4 49.5 776.17 0.0 1347.0
24.5 49.7 776.17 0.0 1330.0
24.5 49.7 776.18 0.0 1337.0
24.5 49.3 776.16 0.0 1338.0
24.4 49.1 776.15 0.0 1341.0
24.4 49.2 776.18 0.0 1344.0
24.4 49.1 776.14 0.0 1481.0
24.5 49.4 776.16 0.0 1330.0
24.4 49.4 776.15 0.0 1333.0
24.5 49.4 776.17 0.0 1345.0
24.4 49.3 776.17 0.0 1328.0
24.4 49.4 776.16 0.0 1335.0
24.4 49.4 776.17 0.0 1328.0
24.4 49.3 776.16 0.0 1340.0
24.4 49.4 776.1 0.0 1344.0
24.4 49.4 776.11 0.0 1342.0

# =====================================
# FECHA: 27/05/2026 14:36 PM
# =====================================
24.4 49.5 776.12 0.0 1338.0
24.4 49.7 776.14 0.0 1344.0
24.4 49.7 776.11 0.0 1328.0
24.4 49.6 776.13 0.0 1333.0
24.4 49.6 776.12 0.0 1328.0
24.4 49.7 776.16 0.0 1322.0
24.4 49.7 776.13 0.0 1330.0
24.4 49.7 776.21 0.0 1313.0
24.4 49.7 776.19 0.0 1315.0
24.4 49.5 776.17 0.0 1306.0
24.4 49.5 776.16 0.0 1319.0
24.4 49.5 776.14 0.0 1322.0
24.4 49.5 776.15 0.0 1315.0
24.4 49.5 776.19 0.0 1315.0
24.4 49.5 776.17 0.0 1326.0
24.4 49.5 776.22 0.0 1328.0
24.4 49.5 776.2 0.0 1324.0
24.4 49.5 776.18 0.0 1328.0
24.4 49.5 776.2 0.0 1326.0
24.4 49.4 776.18 0.0 1322.0
24.4 49.3 776.2 0.0 1327.0
24.4 49.4 776.23 0.0 1328.0
24.4 49.2 776.25 0.0 1322.0
24.4 49.4 776.22 0.0 1328.0
24.4 49.3 776.21 0.0 1337.0
24.4 49.3 776.19 0.0 1317.0
24.4 49.4 776.24 0.0 1340.0
24.4 49.4 776.17 0.0 1335.0
24.4 49.3 776.22 0.0 1337.0
24.4 49.3 776.18 0.0 1337.0
24.4 49.4 776.19 0.0 1319.0
24.4 49.5 776.19 0.0 1335.0
24.4 49.7 776.24 0.0 1334.0
24.4 49.8 776.19 0.0 1339.0
24.4 49.9 776.19 0.0 1328.0
24.4 49.9 776.22 0.0 1341.0
24.4 49.9 776.2 0.0 1324.0
24.4 49.8 776.22 0.0 1335.0
24.4 49.8 776.14 0.0 1342.0
24.4 49.8 776.21 0.0 1341.0
24.4 49.8 776.18 0.0 1330.0
24.4 49.8 776.18 0.0 1331.0
24.4 49.8 776.19 0.0 1338.0
24.4 49.9 776.17 0.0 1360.0
24.4 49.9 776.19 0.0 1334.0
24.4 49.9 776.17 0.0 1337.0
24.4 49.8 776.16 0.0 1346.0
24.4 49.9 776.12 0.0 1354.0
24.4 49.9 776.09 0.0 1346.0
24.4 49.9 776.18 0.0 1353.0
24.4 49.9 776.21 0.0 1344.0
24.4 49.8 776.14 0.0 1335.0
24.4 49.7 776.2 0.0 1345.0
24.4 49.8 776.21 0.0 1370.0
24.4 50.0 776.17 0.0 1347.0
24.4 49.9 776.18 0.0 1347.0
24.4 49.9 776.22 0.0 1351.0
24.4 49.8 776.14 0.0 1358.0
24.4 50.0 776.23 0.0 1343.0
24.4 49.9 776.2 0.0 1340.0

# =====================================
# FECHA: 27/05/2026 14:42 PM
# =====================================
24.4 49.8 776.18 0.0 1349.0
24.4 50.0 776.17 0.0 1337.0
24.4 50.0 776.18 0.0 1335.0
24.4 49.9 776.14 0.0 1355.0
24.4 49.9 776.13 0.0 1338.0
24.4 49.9 776.17 0.0 1341.0
24.4 49.8 776.16 0.0 1353.0
24.4 49.7 776.21 0.0 1343.0
24.4 49.6 776.17 0.0 1344.0
24.4 49.6 776.18 0.0 1334.0
24.4 49.6 776.19 0.0 1332.0
24.4 49.6 776.12 0.0 1337.0
24.4 49.7 776.15 0.0 1328.0
24.4 49.6 776.18 0.0 1335.0
24.4 49.7 776.14 0.0 1335.0
24.4 49.8 776.16 0.0 1425.0
24.4 49.8 776.13 0.0 1334.0
24.4 49.9 776.16 0.0 1329.0
24.4 49.9 776.15 0.0 1314.0
24.4 50.0 776.19 0.0 1328.0
24.4 49.8 776.17 0.0 1333.0
24.4 49.9 776.18 0.0 1325.0
24.4 49.8 776.17 0.0 1327.0
24.4 49.9 776.15 0.0 1319.0
24.3 49.8 776.13 0.0 1465.0
24.4 50.1 776.18 0.0 1333.0
24.3 50.0 776.15 0.0 1332.0
24.4 50.1 776.16 0.0 1327.0
24.3 50.0 776.19 0.0 1322.0
24.4 50.2 776.14 0.0 1326.0
24.3 50.0 776.18 0.0 1319.0
24.3 50.1 776.17 0.0 1339.0
24.4 50.0 776.18 0.0 1328.0
24.4 50.0 776.2 0.0 1334.0
24.3 50.0 776.16 0.0 1322.0
24.3 50.0 776.16 0.0 1332.0
24.4 50.2 776.16 0.0 1324.0
24.3 50.2 776.19 0.0 1328.0
24.4 50.1 776.17 0.0 1326.0
24.4 50.1 776.18 0.0 1328.0
24.4 50.2 776.17 0.0 1335.0
24.4 50.2 776.17 0.0 1328.0
24.4 50.1 776.17 0.0 1327.0
24.3 50.0 776.17 0.0 1329.0
24.3 49.9 776.16 0.0 1319.0
24.3 49.8 776.19 0.0 1338.0
24.4 49.9 776.19 0.0 1333.0
24.3 49.9 776.2 0.0 1338.0
24.4 49.9 776.19 0.0 1328.0
24.3 50.0 776.17 0.0 1331.0
24.3 50.0 776.16 0.0 1335.0
24.3 50.1 776.2 0.0 1332.0
24.3 50.0 776.19 0.0 1329.0
24.4 49.8 776.2 0.0 1340.0
24.4 49.9 776.18 0.0 1331.0
24.3 49.9 776.17 0.0 1340.0
24.3 50.0 776.2 0.0 1333.0
24.3 49.9 776.16 0.0 1330.0
24.3 49.9 776.17 0.0 1347.0
24.3 50.0 776.11 0.0 1344.0

# =====================================
# FECHA: 27/05/2026 14:47 PM
# =====================================
24.3 50.0 776.17 0.0 1338.0
24.3 49.8 776.15 0.0 1344.0
24.3 49.6 776.16 0.0 1344.0
24.3 49.7 776.13 0.0 1339.0
24.3 49.7 776.16 0.0 1344.0
24.3 49.7 776.1 0.0 1341.0
24.3 49.7 776.1 0.0 1345.0
24.3 49.6 776.15 0.0 1350.0
24.3 49.5 776.13 0.0 1335.0
24.3 49.5 776.14 0.0 1353.0
24.3 49.7 776.12 0.0 1343.0
24.3 49.7 776.12 0.0 1336.0
24.3 49.7 776.09 0.0 1335.0
24.3 49.7 776.12 0.0 1332.0
24.3 49.7 776.11 0.0 1328.0
24.3 49.7 776.11 0.0 1348.0
24.3 49.6 776.08 0.0 1344.0
24.3 49.8 776.06 0.0 1331.0
24.3 49.8 776.1 0.0 1339.0
24.3 49.6 776.13 0.0 1333.0
24.3 49.7 776.13 0.0 1329.0
24.3 49.7 776.15 0.0 1339.0
24.3 49.7 776.09 0.0 1311.0
24.3 49.7 776.09 0.0 1323.0
24.3 49.6 776.11 0.0 1334.0
24.3 49.6 776.11 0.0 1323.0
24.3 49.6 776.15 0.0 1317.0
24.3 49.5 776.11 0.0 1327.0
24.3 49.6 776.15 0.0 1335.0
24.3 49.6 776.14 0.0 1325.0
24.3 49.5 776.12 0.0 1342.0
24.3 49.5 776.13 0.0 1307.0
24.3 49.5 776.07 0.0 1319.0
24.3 49.5 776.07 0.0 1326.0
24.3 49.5 776.04 0.0 1333.0
24.3 49.6 776.02 0.0 1323.0
24.3 49.5 776.04 0.0 1321.0
24.3 49.6 776.04 0.0 1335.0
24.3 49.6 775.99 0.0 1322.0
24.2 49.5 776.02 0.0 1335.0
24.3 49.6 776.06 0.0 1317.0
24.3 49.4 776.02 0.0 1333.0
24.3 49.4 775.99 0.0 1321.0
24.3 49.4 776.0 0.0 1322.0
24.3 49.5 776.04 0.0 1332.0
24.3 49.4 776.03 0.0 1329.0
24.3 49.5 775.99 0.0 1323.0
24.3 49.6 776.0 0.0 1330.0
24.3 49.6 776.03 0.0 1320.0
24.3 49.5 775.95 0.0 1335.0
24.3 49.6 776.0 0.0 1322.0
24.3 49.6 775.99 0.0 1328.0
24.3 49.6 775.97 0.0 1327.0
24.3 49.6 776.02 0.0 1325.0
24.3 49.6 776.02 0.0 1323.0
24.3 49.5 776.0 0.0 1328.0
24.2 49.6 776.01 0.0 1331.0
24.3 49.6 775.93 0.0 1338.0
24.3 49.5 775.91 0.0 1341.0
24.3 49.4 775.92 0.0 1330.0

# =====================================
# FECHA: 27/05/2026 14:52 PM
# =====================================
24.3 49.3 775.91 0.0 1333.0
24.3 49.5 775.94 0.0 1324.0
24.3 49.6 775.91 0.0 1327.0
24.3 49.6 775.9 0.0 1328.0
24.3 49.6 775.89 0.0 1331.0
24.3 49.5 775.93 0.0 1333.0
24.2 49.6 775.88 0.0 1328.0
24.2 49.5 775.89 0.0 1341.0
24.3 49.5 775.95 0.0 1338.0
24.3 49.2 775.89 0.0 1341.0
24.3 49.1 775.89 0.0 1338.0
24.3 49.0 775.82 0.0 1332.0
24.2 49.1 775.85 0.0 1335.0
24.3 49.0 775.86 0.0 1334.0
24.3 49.1 775.87 0.0 1334.0
24.3 49.1 775.87 0.0 1331.0
24.3 49.1 775.89 0.0 1330.0
24.3 49.0 775.91 0.0 1331.0
24.2 49.0 775.87 0.0 1331.0
24.3 49.0 775.88 0.0 1342.0
24.3 49.1 775.85 0.0 1338.0
24.2 49.2 775.89 0.0 1330.0
24.3 49.3 775.85 0.0 1332.0
24.2 49.3 775.87 0.0 1344.0
24.2 49.4 775.83 0.0 1355.0
24.2 49.4 775.87 0.0 1341.0
24.2 49.4 775.86 0.0 1328.0
24.2 49.3 775.89 0.0 1335.0
24.2 49.3 775.83 0.0 1347.0
24.2 49.3 775.84 0.0 1325.0
24.2 49.3 775.83 0.0 1333.0
24.2 49.2 775.87 0.0 1339.0
24.2 49.2 775.87 0.0 1351.0
24.2 49.2 775.83 0.0 1333.0
24.3 49.2 775.84 0.0 1343.0
24.3 49.2 775.87 0.0 1333.0
24.2 49.3 775.87 0.0 1333.0
24.2 49.4 775.87 0.0 1343.0
24.2 49.3 775.86 0.0 1336.0
24.3 49.3 775.88 0.0 1349.0
24.3 49.3 775.88 0.0 1333.0
24.2 49.3 775.86 0.0 1332.0
24.2 49.2 775.86 0.0 1351.0
24.3 49.3 775.83 0.0 1350.0
24.3 49.3 775.85 0.0 1346.0
24.3 49.3 775.84 0.0 1344.0
24.3 49.3 775.86 0.0 1339.0
24.3 49.3 775.85 0.0 1355.0
24.3 49.3 775.87 0.0 1346.0
24.2 49.4 775.89 0.0 1353.0
24.2 49.5 775.86 0.0 1351.0
24.3 49.4 775.89 0.0 1341.0
24.3 49.4 775.91 0.0 1345.0
24.3 49.4 775.95 0.0 1347.0
24.3 49.3 775.89 0.0 1342.0
24.3 49.3 775.95 0.0 1350.0
24.3 49.2 775.93 0.0 1347.0
24.3 49.2 775.95 0.0 1351.0
24.3 49.3 775.96 0.0 1347.0
24.3 49.2 775.99 0.0 1346.0
